[
  -7.787652969360352,
  -8.064709663391113,
  -1.0104297399520874,
  -0.7942196726799011,
  3.119504928588867,
  -1.428580403327942,
  1.893639326095581,
  7.1398091316223145,
  -2.610774517059326,
  12.797334671020508,
  -2.239823341369629,
  0.009863424114882946,
  10.032376289367676,
  -0.683509886264801,
  -4.742889881134033,
  10.515734672546387,
  5.160432815551758,
  -12.776949882507324,
  4.9411139488220215,
  -4.741866588592529,
  0.729831337928772,
  -1.3434065580368042,
  -0.05526077374815941,
  -1.1670362949371338,
  4.561656475067139,
  0.8170323371887207,
  -2.586189031600952,
  -4.443943977355957,
  1.503685474395752,
  -6.741786956787109,
  1.8710887432098389,
  -3.439523696899414,
  -0.6355561017990112,
  -2.0204203128814697,
  -3.4086573123931885,
  -0.6762288212776184,
  -1.5710158348083496,
  -0.9694947004318237,
  -1.0104261636734009,
  5.183319091796875,
  -7.295711994171143,
  -6.971164226531982,
  -5.988433361053467,
  -0.47576504945755005,
  -5.6717119216918945,
  1.7617942094802856,
  2.736102819442749,
  2.867281675338745,
  2.429427146911621,
  1.1294348239898682,
  -6.531446933746338,
  -4.7272467613220215,
  -2.2680747509002686,
  -1.7204405069351196,
  0.755293607711792,
  -5.6680731773376465,
  -0.29994016885757446,
  -2.9149961471557617,
  2.649724006652832,
  -0.018066778779029846,
  -2.019691228866577,
  -1.0366828441619873,
  -9.11656665802002,
  -7.4512200355529785,
  -0.6285333633422852,
  2.1723122596740723,
  -1.3736284971237183,
  1.6102687120437622,
  -3.2207894325256348,
  -1.8579365015029907,
  2.2952792644500732,
  -3.4792943000793457,
  2.2463247776031494,
  0.5975891351699829,
  -2.467651605606079,
  0.8825921416282654,
  -0.40694886445999146,
  -1.7340763807296753,
  -1.6034529209136963,
  1.5374054908752441,
  -1.5808831453323364,
  0.5254565477371216,
  -0.9657183885574341,
  2.4376654624938965,
  1.1688567399978638,
  5.014060020446777,
  2.5038623809814453,
  -2.752782106399536,
  1.4185870885849,
  -1.5879517793655396,
  -6.876671314239502,
  6.373830318450928,
  -6.995560646057129,
  -0.9740450382232666,
  -2.1753509044647217,
  -4.352907180786133,
  0.9613679051399231,
  -3.1043460369110107,
  1.2373113632202148,
  0.2955341041088104,
  -0.9485802054405212,
  -3.5492441654205322,
  -4.329268455505371,
  -1.2843682765960693,
  -4.983684062957764,
  7.9759321212768555,
  -6.518482685089111,
  -0.28844135999679565,
  7.490571022033691,
  -11.817499160766602,
  0.5575982928276062,
  0.7822110056877136,
  -3.451655864715576,
  6.216411590576172,
  2.789107084274292,
  -5.44804048538208,
  2.913893222808838,
  -1.0796140432357788,
  3.6395533084869385,
  -1.4169878959655762,
  -1.1953210830688477,
  3.5374953746795654,
  -1.9314135313034058,
  -5.026580810546875,
  3.764479637145996,
  0.33333998918533325,
  -5.836883068084717,
  1.143792748451233,
  3.8598716259002686,
  -1.2152924537658691,
  -4.657736778259277,
  -0.40311357378959656,
  3.7300164699554443,
  -0.6359721422195435,
  2.7279372215270996,
  1.2023158073425293,
  -1.118624210357666,
  0.35402393341064453,
  0.06564077734947205,
  -1.81955087184906,
  -1.411618947982788,
  0.3284204602241516,
  0.18660910427570343,
  -3.1838490962982178,
  -2.594008445739746,
  2.45941162109375,
  -2.604785442352295,
  -4.721718788146973,
  2.568113088607788,
  11.116983413696289,
  0.14603066444396973,
  2.462127208709717,
  4.859661102294922,
  -1.491620659828186,
  -6.199692726135254,
  -4.057618618011475,
  -0.07451871782541275,
  -3.142516613006592,
  -1.0579125881195068,
  -5.574495792388916,
  0.6555474400520325,
  0.675960123538971,
  2.646533966064453,
  -5.744335651397705,
  -1.9837357997894287,
  3.9846980571746826,
  2.4956846237182617,
  -3.0909042358398438,
  -2.682279348373413,
  -5.077882766723633,
  -4.278665542602539,
  -0.7075419425964355,
  1.7698276042938232,
  0.5642055869102478,
  -1.107010006904602,
  -2.2411282062530518,
  0.33983054757118225,
  -2.3864152431488037,
  2.35221266746521,
  -0.42746904492378235,
  4.993590354919434,
  0.06005734205245972,
  2.659972906112671,
  0.16701056063175201,
  -0.4902943968772888,
  -1.4757885932922363,
  -1.7313143014907837,
  0.11654818803071976,
  -2.1860270500183105,
  2.2284421920776367,
  0.4195217490196228,
  -1.9118375778198242,
  2.0664758682250977,
  -3.9744138717651367,
  1.5691169500350952,
  -3.8155863285064697,
  5.221823215484619,
  3.6295900344848633,
  -1.365318775177002,
  -1.4745334386825562,
  -4.745896816253662,
  -4.957808971405029,
  1.6581497192382812,
  2.8142971992492676,
  0.07894019782543182,
  0.2960570156574249,
  5.689199924468994,
  -1.942123293876648,
  2.1702280044555664,
  -0.8235361576080322,
  2.7672359943389893,
  1.9890211820602417,
  -0.15066203474998474,
  0.18148590624332428,
  -2.6695594787597656,
  -4.845015048980713,
  -0.465359628200531,
  3.2101144790649414,
  2.186722993850708,
  5.176192760467529,
  1.1958487033843994,
  3.507451295852661,
  -9.018977165222168,
  -0.4717136323451996,
  3.6100339889526367,
  -5.07012414932251,
  2.1548025608062744,
  -0.8633677959442139,
  -1.819035291671753,
  4.710273265838623,
  1.3162704706192017,
  -0.484681099653244,
  3.4709153175354004,
  2.799821376800537,
  5.997790813446045,
  0.39714542031288147,
  1.7467678785324097,
  3.5627121925354004,
  5.175851821899414,
  -3.382634162902832,
  -2.722241163253784,
  -1.5738303661346436,
  -7.923031330108643,
  1.9464681148529053,
  -3.541661262512207,
  2.906524658203125,
  -2.5411040782928467,
  -5.350473403930664,
  -4.302067756652832,
  3.7216219902038574,
  2.3942110538482666,
  -2.0570733547210693,
  -3.780447483062744,
  -0.30160847306251526,
  -0.1893145889043808,
  1.3129035234451294,
  0.4327899217605591,
  1.7416912317276,
  0.31352144479751587,
  4.210955619812012,
  -0.6332852840423584,
  -2.6639745235443115,
  -2.228821277618408,
  0.026819167658686638,
  -0.7869311571121216,
  5.4178619384765625,
  -1.727761149406433,
  0.7781886458396912,
  -3.5314369201660156,
  -5.0203328132629395,
  2.6016504764556885,
  0.6278178095817566,
  2.9189538955688477,
  3.316230058670044,
  0.6889882683753967,
  -3.5421793460845947,
  1.9452509880065918,
  -0.8098469972610474,
  0.834347665309906,
  -0.4113059639930725,
  -2.243269443511963,
  -2.501974105834961,
  -0.5051329731941223,
  1.0025886297225952,
  2.3923847675323486,
  4.428913116455078,
  1.964532732963562,
  1.4689255952835083,
  2.022977352142334,
  0.6393894553184509,
  3.047706365585327,
  -4.262351989746094,
  -3.92590594291687,
  -0.6403917074203491,
  -0.6525439620018005,
  0.22997768223285675,
  6.01840877532959,
  1.7711458206176758,
  5.271592140197754,
  -2.705080032348633,
  0.9845953583717346,
  1.1895837783813477,
  -1.8411481380462646,
  0.5840610265731812,
  4.079156875610352,
  3.18350887298584,
  -2.427398204803467,
  4.200377464294434,
  2.127436399459839,
  -1.207353949546814,
  6.179292678833008,
  -2.2325737476348877,
  -3.270728588104248,
  0.547158420085907,
  -2.894819736480713,
  -4.109471797943115,
  2.894010305404663,
  5.660101890563965,
  -1.2852256298065186,
  -4.755468368530273,
  -4.74611234664917,
  -3.815477132797241,
  -5.35551118850708,
  -1.8423892259597778,
  -1.5751285552978516,
  6.673577785491943,
  4.706367492675781,
  2.371253728866577,
  -1.1124063730239868,
  3.360049247741699,
  -4.857128620147705,
  -6.2567830085754395,
  5.372427463531494,
  3.163818120956421,
  -1.6295645236968994,
  3.4958088397979736,
  1.3968368768692017,
  0.10111591964960098,
  5.373016834259033,
  4.048376560211182,
  5.142709255218506,
  -0.9854541420936584,
  8.171635627746582,
  4.460322856903076,
  -3.0419907569885254,
  0.9721710681915283,
  -4.683511734008789,
  -5.062675952911377,
  4.641047954559326,
  3.235259532928467,
  0.6839210391044617,
  0.5119162797927856,
  -1.5000108480453491,
  5.753695964813232,
  -0.7766066193580627,
  -1.3396542072296143,
  -3.8337442874908447,
  4.566822528839111,
  -1.5495623350143433,
  0.4184778928756714,
  -1.6329350471496582,
  -7.1536664962768555,
  8.42374324798584,
  -1.13442063331604,
  -2.1424286365509033,
  -1.4771095514297485,
  -3.6022424697875977,
  1.0095233917236328,
  5.059024333953857,
  4.6553239822387695,
  -7.753751754760742,
  6.762465953826904,
  -2.3066251277923584,
  7.420719623565674,
  -2.318472385406494,
  -5.640478134155273,
  6.849853515625,
  -6.811117172241211,
  1.4297043085098267,
  1.118359923362732,
  -2.386693000793457,
  -0.0966908261179924,
  1.7291887998580933,
  5.053457260131836,
  -2.3201701641082764,
  0.7734689116477966,
  4.720198154449463,
  1.1657506227493286,
  0.7385673522949219,
  -3.1558847427368164,
  6.015737056732178,
  -3.992673873901367,
  1.6862047910690308,
  -1.1230665445327759,
  4.744418144226074,
  1.1113359928131104,
  -4.678078651428223,
  -3.8247885704040527,
  -1.1456513404846191,
  -3.1860287189483643,
  -4.392899513244629,
  -7.656351566314697,
  -6.105788707733154,
  -2.951587438583374,
  -0.7198967933654785,
  -7.225564956665039,
  2.897799015045166,
  -5.0350165367126465,
  0.6161796450614929,
  0.38166913390159607,
  3.9279420375823975,
  1.9967041015625,
  0.08489559590816498,
  0.4922263026237488,
  -0.8489396572113037,
  0.34550875425338745,
  6.668944835662842,
  -1.1977949142456055,
  -4.247378826141357,
  2.9047131538391113,
  -4.41048002243042,
  0.2946889102458954,
  -0.7664960026741028,
  1.8167235851287842,
  2.7318122386932373,
  1.004065990447998,
  -0.06929664313793182,
  -4.643550395965576,
  -1.3038103580474854,
  14.052400588989258,
  9.79843521118164,
  0.44932422041893005,
  -3.2247068881988525,
  2.7265982627868652,
  -2.2788209915161133,
  -0.2603733241558075,
  2.477612018585205,
  -7.240705966949463,
  2.197463035583496,
  0.6159876585006714,
  0.4377892315387726,
  1.1934950351715088,
  6.5285258293151855,
  1.7037745714187622,
  7.071539402008057,
  -4.64316987991333,
  0.7275119423866272,
  -6.002942085266113,
  -2.327402353286743,
  -5.753577709197998,
  2.1211369037628174,
  -2.5190343856811523,
  -4.254868030548096,
  1.5527678728103638,
  -0.611438512802124,
  -5.28632116317749,
  5.719055652618408,
  5.907803058624268,
  1.020660400390625,
  0.19327493011951447,
  -2.129143238067627,
  1.3460733890533447,
  1.3033406734466553,
  -0.5395686030387878,
  1.7181718349456787,
  -1.8740898370742798,
  3.024676561355591,
  -2.669781446456909,
  1.7533528804779053,
  -1.1826382875442505,
  -5.169804573059082,
  -3.5808298587799072,
  4.441184997558594,
  0.13405434787273407,
  -2.997771739959717,
  0.6182452440261841,
  -4.948984146118164,
  -1.5973012447357178,
  -4.574796199798584,
  2.8969807624816895,
  -3.8390369415283203,
  -4.50642204284668,
  -1.7627394199371338,
  -8.415127754211426,
  6.811448574066162,
  0.5112071633338928,
  2.9489827156066895,
  -0.20193210244178772,
  -4.350741386413574,
  -0.25671327114105225,
  0.40104255080223083,
  4.316259860992432,
  -2.809492349624634,
  -5.574660778045654,
  1.9285736083984375,
  -0.14222192764282227,
  0.28613346815109253,
  -6.0771942138671875,
  -3.9790608882904053,
  0.17678120732307434,
  -0.46757856011390686,
  -3.0124640464782715,
  -2.6237127780914307,
  -0.28970327973365784,
  1.6024994850158691,
  0.378317266702652,
  -0.6699050664901733,
  0.7333863973617554,
  -3.157728433609009,
  -4.300602436065674,
  -5.018069267272949,
  -3.1165199279785156,
  -5.034644603729248,
  5.6080522537231445,
  -2.342959403991699,
  -5.318087577819824,
  0.6655586957931519,
  2.809885263442993,
  3.812681198120117,
  5.761624813079834,
  -3.2126541137695312,
  6.55507755279541,
  2.376044511795044,
  -1.6190648078918457,
  -5.159585952758789,
  1.310092806816101,
  0.7263034582138062,
  3.34783673286438,
  3.8737690448760986,
  -1.9504234790802002,
  4.743319511413574,
  5.635266304016113,
  0.5494232773780823,
  3.6981327533721924,
  6.89704704284668,
  -1.7988201379776,
  -4.548806190490723,
  -0.7253096699714661,
  5.035051345825195,
  -1.4868178367614746,
  2.096161365509033,
  -1.0396955013275146,
  -3.1699421405792236,
  -4.230761528015137,
  1.532509207725525,
  -1.1968220472335815,
  -2.2319822311401367,
  -0.7842530012130737,
  -2.296074390411377,
  -0.7588244676589966,
  3.567124128341675,
  -4.512682914733887,
  3.350982666015625,
  -1.8029272556304932,
  -2.8369081020355225,
  -3.3415420055389404,
  1.749895453453064,
  4.647984027862549,
  -2.691061496734619,
  2.840665578842163,
  3.620959997177124,
  3.321713447570801,
  -1.5463194847106934,
  2.3281257152557373,
  -3.5620827674865723,
  -1.425423264503479,
  0.12990805506706238,
  4.8140130043029785,
  -0.29676738381385803,
  -1.487060546875,
  3.885619878768921,
  0.7836619019508362,
  3.1033754348754883,
  -2.0845115184783936,
  -1.1414611339569092,
  -4.049759387969971,
  1.680555820465088,
  -1.6138468980789185,
  7.229519844055176,
  0.6198561191558838,
  2.8093295097351074,
  2.617155075073242,
  -2.6441264152526855,
  -3.3836209774017334,
  0.45213019847869873,
  -1.0028157234191895,
  3.717525005340576,
  5.326910972595215,
  0.6234599351882935,
  -1.2019554376602173,
  5.573273181915283,
  -0.9865468144416809,
  6.287881851196289,
  1.8435324430465698,
  4.177761554718018,
  -0.7695745825767517,
  -1.9554508924484253,
  -1.9018025398254395,
  -0.8771289587020874,
  -1.1204917430877686,
  -3.270146369934082,
  2.141242265701294,
  1.7021626234054565,
  -2.0497918128967285,
  -0.03603409230709076,
  1.4623854160308838,
  -1.0072968006134033,
  1.4574369192123413,
  -0.9893485307693481,
  0.3074842393398285,
  -1.7849061489105225,
  -2.2768325805664062,
  -4.523891448974609,
  5.512731075286865,
  1.6940922737121582,
  -0.37076807022094727,
  -5.590053081512451,
  1.889303207397461,
  2.210902214050293,
  -6.20698356628418,
  -5.477275371551514,
  -1.2069261074066162,
  -3.5774312019348145,
  3.7120702266693115,
  -4.360908508300781,
  -1.409388780593872,
  -2.2140097618103027,
  0.8814113736152649,
  -4.757358074188232,
  0.7956351637840271,
  -3.380262613296509,
  1.16010320186615,
  -4.615058898925781,
  -0.8578192591667175,
  -0.0351877436041832,
  -2.675452947616577,
  1.7829909324645996,
  -3.4466729164123535,
  4.616723537445068,
  -1.033277988433838,
  -1.8651955127716064,
  1.5605989694595337,
  -1.1590425968170166,
  -2.16249418258667,
  -2.6372525691986084,
  5.658031463623047,
  -1.3290315866470337,
  7.738572120666504,
  -1.1453332901000977,
  -3.3240561485290527,
  3.426942825317383,
  0.20995278656482697,
  2.1245572566986084,
  1.002528190612793,
  4.188694000244141,
  -2.618330240249634,
  -1.793644666671753,
  4.185205459594727,
  0.8348489999771118,
  -1.0100536346435547,
  5.5002522468566895,
  -2.5359408855438232,
  0.49216076731681824,
  -3.0288922786712646,
  -3.180243968963623,
  -2.72247052192688,
  1.3667289018630981,
  4.729908466339111,
  4.363500118255615,
  1.659888744354248,
  -0.1071544662117958,
  -0.5668153166770935,
  1.1538933515548706,
  0.2883438467979431,
  2.788534641265869,
  0.48336803913116455,
  -0.7368917465209961,
  -2.570110559463501,
  0.11401580274105072,
  -0.4801989793777466,
  -0.7821245193481445,
  1.8810368776321411,
  -0.9088233113288879,
  0.7737973928451538,
  -0.3196009695529938,
  1.039868950843811,
  -4.01003885269165,
  -0.5937454104423523,
  8.380352020263672,
  -4.380868911743164,
  0.012919827364385128,
  -2.9780685901641846,
  3.0674588680267334,
  -5.712760925292969,
  -0.26089993119239807,
  5.765522003173828,
  2.201770782470703,
  -0.894134521484375,
  0.16451495885849,
  2.8226511478424072,
  -3.1213295459747314,
  2.6643564701080322,
  0.544160783290863,
  4.727869033813477,
  1.2851059436798096,
  -0.1872061938047409,
  -7.128087520599365,
  -1.5730986595153809,
  -7.706777095794678,
  -4.242486000061035,
  1.1331945657730103,
  -0.5360835790634155,
  -4.775803565979004,
  0.7322394847869873,
  5.606865882873535,
  8.343921661376953,
  2.069279193878174,
  1.4778083562850952,
  -0.29142114520072937,
  -4.088443756103516,
  -0.1290120780467987,
  -1.6196942329406738,
  6.563261985778809,
  -1.7217751741409302,
  0.8413264155387878,
  -1.361904501914978,
  0.9929832816123962,
  2.720546007156372,
  -2.1556174755096436,
  -2.1642937660217285,
  1.2380218505859375,
  -4.861748695373535,
  5.142911911010742,
  0.03513706102967262,
  0.09956946969032288,
  -3.3374180793762207,
  1.0079052448272705,
  2.4331557750701904,
  1.6960783004760742,
  0.05423999950289726,
  -2.8116750717163086,
  -1.7217971086502075,
  -4.545811176300049,
  8.454264640808105,
  -0.15515083074569702,
  2.241459608078003,
  -0.6310386657714844,
  1.3777542114257812,
  3.7532808780670166,
  4.80446195602417,
  -2.3895158767700195,
  -2.8375840187072754,
  1.4031319618225098,
  4.811979293823242,
  -0.6653368473052979,
  -6.843762397766113,
  -6.725602149963379,
  -0.9511414766311646,
  3.107476234436035,
  2.6275930404663086,
  -2.9946701526641846,
  -0.7045510411262512,
  1.360459566116333,
  0.29792729020118713,
  4.7201056480407715,
  2.4088797569274902,
  3.7286689281463623,
  -4.274305820465088,
  1.8702946901321411,
  0.14815573394298553,
  1.835321307182312,
  -1.1294618844985962,
  -0.611369252204895,
  0.3131159543991089,
  -2.7507245540618896,
  0.5297545790672302,
  5.07810115814209,
  -4.0661301612854,
  -1.6054840087890625,
  4.1963210105896,
  -0.902603268623352,
  -4.666040420532227,
  2.4100334644317627,
  2.7463297843933105,
  0.7089172601699829,
  -2.0940845012664795,
  2.326977491378784,
  -2.0463948249816895,
  0.10896538197994232,
  -0.38127389550209045,
  -1.1018832921981812,
  -4.365944862365723,
  -1.9972987174987793,
  4.173884391784668,
  3.563354969024658,
  1.9576376676559448,
  1.149042010307312,
  5.870258331298828,
  -3.043283700942993,
  5.341917037963867,
  1.529056191444397,
  5.671227931976318,
  -2.9224886894226074,
  0.38325080275535583,
  -0.11021938920021057,
  1.252029299736023,
  3.0076513290405273,
  1.3639343976974487,
  0.26961201429367065,
  -6.339611530303955,
  -1.9669190645217896,
  2.425020933151245,
  -6.324611663818359,
  1.4760873317718506,
  -2.6511359214782715,
  -0.42089855670928955,
  -4.167644500732422,
  6.189239978790283,
  -3.446509599685669,
  -2.4953019618988037,
  -1.8440368175506592,
  -5.477276802062988,
  2.6907901763916016,
  4.537644863128662,
  2.578261137008667,
  5.042313575744629,
  3.810154438018799,
  1.8161969184875488,
  -2.9787509441375732,
  1.4385772943496704,
  -2.177004337310791,
  -2.050325632095337,
  -2.142686605453491,
  1.0949628353118896,
  1.973344326019287,
  4.73625373840332,
  -3.962466239929199,
  6.39598274230957,
  3.116553783416748,
  2.6321256160736084,
  -1.4907963275909424,
  -0.824547529220581,
  -4.0750908851623535,
  4.337965965270996,
  -2.4214181900024414,
  4.149026393890381,
  -5.138343334197998,
  2.6642673015594482,
  1.5203832387924194,
  -3.1484172344207764,
  1.095638394355774,
  8.56112289428711,
  0.9934163093566895,
  -3.1996536254882812,
  -1.7282283306121826,
  -0.33467069268226624,
  10.637373924255371,
  2.413522720336914,
  -2.783623456954956,
  -0.6093957424163818,
  0.8041062951087952,
  -4.095412254333496,
  -3.2038869857788086,
  -0.6832177639007568,
  -0.8783138394355774,
  -0.13707484304904938,
  4.193231105804443,
  4.64811897277832,
  -1.6653996706008911,
  -4.8100666999816895,
  0.8041925430297852,
  1.6352437734603882,
  0.32977843284606934,
  1.615106463432312,
  -3.333772897720337,
  2.3787269592285156,
  -3.1056106090545654,
  -1.183924674987793,
  3.2904980182647705,
  -2.4946889877319336,
  -1.4767351150512695,
  -0.8313066959381104,
  -2.365643262863159,
  -2.950831174850464,
  -2.017596483230591,
  1.021301507949829,
  1.158298373222351,
  -3.2081618309020996,
  3.1492671966552734,
  -1.2266250848770142,
  0.43740764260292053,
  -1.3780287504196167,
  0.17535686492919922,
  1.7457842826843262,
  -9.805719375610352,
  -3.4657135009765625,
  4.829433917999268,
  -0.29995208978652954,
  5.274658679962158,
  -5.2858500480651855,
  3.196445941925049,
  6.9240593910217285,
  2.3829493522644043,
  -4.591210842132568,
  -1.0194292068481445,
  -1.7929681539535522,
  -1.4924075603485107,
  0.2800992727279663,
  -0.9439278841018677,
  -5.258194446563721,
  -1.7300171852111816,
  9.052309036254883,
  -1.1543582677841187,
  1.308027982711792,
  2.3525373935699463,
  -1.4330605268478394,
  -4.200495719909668,
  -1.7634577751159668,
  -0.6367216110229492,
  -2.209745168685913,
  3.614142656326294,
  3.780210018157959,
  -2.3509299755096436,
  2.7678322792053223,
  -4.02098274230957,
  1.9316375255584717,
  3.257537364959717,
  0.8972179889678955,
  -1.9810781478881836,
  0.0679314061999321,
  0.03656667843461037,
  1.0166395902633667,
  -4.693286895751953,
  -0.7060226202011108,
  0.15440866351127625,
  1.1433213949203491,
  2.3294425010681152,
  -0.6549831628799438,
  0.3476594388484955,
  -4.331364631652832,
  6.1476287841796875,
  -5.32922887802124,
  0.5907453894615173,
  0.5082778930664062,
  3.107008218765259,
  -1.2606946229934692,
  0.6318326592445374,
  -0.6054746508598328,
  0.9841535091400146,
  0.04753248766064644,
  -1.1673506498336792,
  -0.2579547166824341,
  -1.523003339767456,
  1.9252156019210815,
  1.5477522611618042,
  -0.1311524212360382,
  1.2133464813232422,
  -3.0708768367767334,
  -0.4081168472766876,
  6.363382816314697,
  -5.045048713684082,
  -7.5130767822265625,
  0.021397355943918228,
  7.885992527008057,
  -2.4636635780334473,
  1.200203776359558,
  -1.7052943706512451,
  1.150337815284729,
  1.1398861408233643,
  -2.91097092628479,
  2.9394593238830566,
  2.4170334339141846,
  -1.0409986972808838,
  3.775890350341797,
  1.2684473991394043,
  4.433337211608887,
  -0.22573435306549072,
  -0.47933924198150635,
  -2.005680561065674,
  -3.5413241386413574,
  1.948720932006836,
  -4.333096504211426,
  -3.8190271854400635,
  1.153695821762085,
  -1.2619192600250244,
  -4.399064540863037,
  -3.050459861755371,
  1.240975260734558,
  4.96631383895874,
  -0.8614786267280579,
  8.599419593811035,
  -3.0568606853485107,
  3.613696336746216,
  1.8752803802490234,
  5.219179630279541,
  -1.0739575624465942,
  -3.1751112937927246,
  1.5599522590637207,
  -1.8472590446472168,
  -2.701779365539551,
  -1.0082314014434814,
  -0.44079968333244324,
  2.59338641166687,
  1.6184200048446655,
  2.652803421020508,
  -5.3676958084106445,
  -4.324217796325684,
  -0.7006287574768066,
  -5.291466236114502,
  2.8598639965057373,
  -2.0497474670410156,
  -1.484739899635315,
  -1.639274001121521,
  0.2536482810974121,
  -0.6851503252983093,
  -2.757204532623291,
  1.3689287900924683,
  1.7473019361495972,
  -1.6042366027832031,
  2.0536487102508545,
  -0.8192099332809448,
  -1.1112544536590576,
  -4.988866806030273,
  -4.097749710083008
]