[
  -0.11332385987043381,
  0.0030030517373234034,
  -0.0024325645063072443,
  -0.014422770589590073,
  -0.03656139224767685,
  0.01941729709506035,
  -0.03922245278954506,
  0.024235261604189873,
  0.026858344674110413,
  -0.03258926421403885,
  0.0011637693969532847,
  -0.010141745209693909,
  0.04541173204779625,
  0.0030766280833631754,
  0.10930591821670532,
  0.02764921449124813,
  -0.0013287331676110625,
  -0.0089139174669981,
  -0.09259695559740067,
  0.02091997116804123,
  0.05658012628555298,
  -0.020123017951846123,
  -0.01211007684469223,
  -0.048899516463279724,
  0.06112300604581833,
  0.04380663111805916,
  0.0014603481395170093,
  0.02616218663752079,
  -0.02109440602362156,
  0.0003738751111086458,
  0.009286103770136833,
  0.012307965196669102,
  0.04634929820895195,
  -0.024231089279055595,
  0.04341404139995575,
  0.02692592330276966,
  0.012021927163004875,
  -0.08944597095251083,
  0.03789416328072548,
  -0.013734028674662113,
  -0.0390566922724247,
  0.010809574276208878,
  -0.023013398051261902,
  -0.020412491634488106,
  -0.015761470422148705,
  -0.03154924884438515,
  -0.04431067034602165,
  -0.04899391159415245,
  -0.03800229728221893,
  0.03745017945766449,
  -0.04425058513879776,
  -0.031587522476911545,
  -0.029960382729768753,
  0.0008777821785770357,
  -0.03128806874155998,
  -0.023724161088466644,
  -0.0125026386231184,
  -0.016579644754529,
  -0.03166915103793144,
  0.02829607203602791,
  -0.0912386104464531,
  -0.07814650237560272,
  -0.03415265306830406,
  0.0011032299371436238,
  0.017683427780866623,
  -0.008355630561709404,
  0.020789742469787598,
  0.027279458940029144,
  0.042861685156822205,
  0.25028854608535767,
  0.023218175396323204,
  -0.018413973972201347,
  -0.04866103082895279,
  -0.06556323915719986,
  0.24580445885658264,
  0.03858077898621559,
  -0.019251704216003418,
  -0.03192467615008354,
  -0.008457696996629238,
  0.053560152649879456,
  0.033250145614147186,
  0.04092685133218765,
  -0.0003407808835618198,
  -0.032604869455099106,
  0.057412274181842804,
  -0.014474458992481232,
  -0.04398700222373009,
  -0.012362456880509853,
  0.041684553027153015,
  -0.025338010862469673,
  -0.022301528602838516,
  -0.019273431971669197,
  -0.014348111115396023,
  0.01565845124423504,
  -0.025705331936478615,
  -0.06183503568172455,
  0.018429139629006386,
  0.00783221609890461,
  0.037330757826566696,
  -0.006451120134443045,
  0.029426056891679764,
  -0.02197163924574852,
  0.04450637102127075,
  0.048662204295396805,
  0.01381593570113182,
  0.012739627622067928,
  -0.03374398499727249,
  -0.0678304135799408,
  -0.022817332297563553,
  0.015142605639994144,
  -0.04089028388261795,
  -0.0070389327593147755,
  0.001306555001065135,
  -0.005428955424576998,
  -0.006054560653865337,
  0.02757500298321247,
  -0.022246193140745163,
  -0.0005568542401306331,
  -0.017058324068784714,
  0.010435698553919792,
  0.0534774474799633,
  -0.01791694387793541,
  0.02403629571199417,
  -0.03145860880613327,
  -0.024832919239997864,
  0.03796038776636124,
  0.0058739096857607365,
  0.028111666440963745,
  -0.018598951399326324,
  -0.020300962030887604,
  -0.003300307085737586,
  0.004285413306206465,
  0.008107459172606468,
  0.05085752531886101,
  -0.00607102969661355,
  -0.01841878332197666,
  -0.02111394703388214,
  0.018511496484279633,
  0.08183032274246216,
  0.028378015384078026,
  0.010940779000520706,
  0.014796704053878784,
  -0.01568436063826084,
  -0.00046908107469789684,
  0.028077824041247368,
  0.0314326286315918,
  -0.022198840975761414,
  -0.03919433802366257,
  0.02273709885776043,
  0.03685785457491875,
  0.02413761615753174,
  -0.0078963041305542,
  0.06405989080667496,
  0.0016366278287023306,
  -0.034246280789375305,
  -0.045416805893182755,
  0.005465455818921328,
  0.009103693999350071,
  -0.036436330527067184,
  -0.019096996635198593,
  -0.01572057418525219,
  -0.02019030973315239,
  0.018347840756177902,
  0.04485468566417694,
  -0.021487578749656677,
  0.08568892627954483,
  -0.020624874159693718,
  0.04668473079800606,
  -0.009415395557880402,
  -0.050400879234075546,
  -0.02164112590253353,
  -0.04554596543312073,
  0.009207035414874554,
  -0.04409128800034523,
  -0.0559585765004158,
  -0.02194230630993843,
  -0.025412872433662415,
  -0.004939092788845301,
  0.06669952720403671,
  0.03222236409783363,
  0.003958241548389196,
  0.052390266209840775,
  0.013618922792375088,
  0.015120905824005604,
  -0.015944790095090866,
  0.046081237494945526,
  0.0009072048706002533,
  -0.007017196621745825,
  0.025850636884570122,
  0.010006334632635117,
  0.02158057503402233,
  -0.02803669683635235,
  0.04841265082359314,
  -0.006017208099365234,
  -0.014642272144556046,
  0.04488970339298248,
  0.02173040248453617,
  0.05714131146669388,
  -0.046213652938604355,
  0.013257991522550583,
  0.01027029100805521,
  -0.008866967633366585,
  -0.058494407683610916,
  -0.04067068174481392,
  -0.045756954699754715,
  0.0012606085510924459,
  -0.019247952848672867,
  -0.02098376676440239,
  -0.009959601797163486,
  0.05419989302754402,
  0.007551284972578287,
  0.0012687529670074582,
  -0.0379733107984066,
  -0.040719859302043915,
  0.0016142057720571756,
  0.003826187225058675,
  -0.01487015187740326,
  0.0008135783136822283,
  0.0190952830016613,
  0.009400960057973862,
  -0.00017252471297979355,
  0.03434830531477928,
  -0.042007919400930405,
  -0.05591822415590286,
  -0.07272547483444214,
  0.0028317703399807215,
  -0.05623554065823555,
  -0.028394078835844994,
  0.027153553441166878,
  0.004129540640860796,
  -0.006688651163130999,
  0.07323107868432999,
  -0.015886293724179268,
  -0.008111896924674511,
  -0.03573385253548622,
  -0.050417449325323105,
  -0.010613055899739265,
  -0.008704602718353271,
  0.04067536070942879,
  -0.0023189408238977194,
  0.009033208712935448,
  0.018667377531528473,
  0.020930379629135132,
  0.04429781064391136,
  0.013013633899390697,
  -0.03530211001634598,
  0.03647830709815025,
  -0.10059884190559387,
  0.054409705102443695,
  -0.019571354612708092,
  0.0053253257647156715,
  -0.030538314953446388,
  0.06332685053348541,
  -0.02493700012564659,
  0.006964534521102905,
  0.038696207106113434,
  0.04741955175995827,
  0.029412275180220604,
  0.01891317404806614,
  0.0023307944647967815,
  -0.01758808270096779,
  -0.03018181584775448,
  -0.015780111774802208,
  -0.0021362348925322294,
  0.027367888018488884,
  0.029879102483391762,
  0.04429585114121437,
  0.016170229762792587,
  -0.0712287425994873,
  -0.008758211508393288,
  0.05804134160280228,
  -0.00847583543509245,
  -0.03680354729294777,
  -0.04039081186056137,
  0.046396490186452866,
  0.03616287559270859,
  -0.04851185157895088,
  0.007986031472682953,
  -0.00205874047242105,
  0.006743801757693291,
  0.018698155879974365,
  -0.0679243877530098,
  0.020476294681429863,
  0.029184995219111443,
  -0.007226570509374142,
  -0.025205940008163452,
  0.014025132171809673,
  -0.024373775348067284,
  -0.002622041618451476,
  -0.06920939683914185,
  0.0343598797917366,
  0.008806072175502777,
  -0.023491419851779938,
  -0.019479889422655106,
  0.009105581790208817,
  0.015047323890030384,
  -0.052932821214199066,
  0.0015940050361678004,
  -0.043136611580848694,
  0.037895288318395615,
  -0.1391444355249405,
  -0.02771945297718048,
  0.001890702173113823,
  -0.0146346939727664,
  0.042154885828495026,
  0.020984524860978127,
  0.040147747844457626,
  0.04880903288722038,
  -0.013447173871099949,
  0.011392929591238499,
  -0.06204123795032501,
  -0.01379427406936884,
  0.008017527870833874,
  0.03698671609163284,
  -0.01803748868405819,
  0.02548605017364025,
  0.014861281029880047,
  -0.008095894940197468,
  0.008859526365995407,
  0.03194599971175194,
  0.03928148001432419,
  -0.021101010963320732,
  0.04081787168979645,
  0.003653921652585268,
  0.009696324355900288,
  0.03158535435795784,
  0.06986629217863083,
  0.014786007814109325,
  -0.10361859947443008,
  0.11136937886476517,
  0.047542769461870193,
  0.005150539800524712,
  0.02956865355372429,
  0.032779838889837265,
  -0.023749444633722305,
  0.005404993426054716,
  -0.038263820111751556,
  -0.020888734608888626,
  -0.03201374039053917,
  0.0013772305101156235,
  0.007323796860873699,
  -0.023322289809584618,
  0.008837972767651081,
  0.01210607960820198,
  0.03017146699130535,
  0.04162706434726715,
  0.020294932648539543,
  0.06332822144031525,
  -0.02604898437857628,
  -0.0010853041894733906,
  0.008370795287191868,
  -0.034478675574064255,
  0.0424991250038147,
  -0.029629074037075043,
  -0.04594891890883446,
  -0.005402752663940191,
  0.03245677426457405,
  0.006404774263501167,
  0.0493437759578228,
  -0.00235180277377367,
  0.10515683144330978,
  -0.08198238164186478,
  0.05505935847759247,
  -0.015116740949451923,
  0.05812649801373482,
  -0.014821071177721024,
  -0.002972469199448824,
  -0.04355929046869278,
  0.03040553256869316,
  -0.017911696806550026,
  0.0048746163956820965,
  -0.032254405319690704,
  0.014755592681467533,
  -0.012254223227500916,
  -0.008638614788651466,
  0.005318288691341877,
  0.0076528084464371204,
  -0.014164989814162254,
  0.04511610418558121,
  -0.02711961418390274,
  -0.05286199226975441,
  -0.03641221672296524,
  -0.02391391061246395,
  0.0011693318374454975,
  0.0160910002887249,
  0.06732813268899918,
  0.02109462209045887,
  -0.028038153424859047,
  -0.04400443285703659,
  0.00044837387395091355,
  -0.10884746164083481,
  0.040210794657468796,
  0.041700880974531174,
  -0.008978812955319881,
  0.019892724230885506,
  -0.017897384241223335,
  -0.02050287276506424,
  0.06554758548736572,
  0.014797826297581196,
  -0.05967088043689728,
  0.010169305838644505,
  0.000932239752728492,
  -0.06065851077437401,
  0.005537707358598709,
  0.03130905330181122,
  -0.060211434960365295,
  -0.007659151218831539,
  -0.07721761614084244,
  -0.02896147407591343,
  -0.026028504595160484,
  -0.010613425634801388,
  -0.025678204372525215,
  -0.00882933009415865,
  0.037153348326683044,
  0.01516758929938078,
  -0.046332404017448425,
  -0.06293334066867828,
  0.007703081704676151,
  -0.0833619087934494,
  -0.04303981736302376,
  -0.05376697704195976,
  0.030208200216293335,
  0.02925562858581543,
  -0.00954943336546421,
  0.04116318002343178,
  0.043955765664577484,
  0.03828512132167816,
  -0.016469385474920273,
  0.0007389729144051671,
  6.91411187290214e-05,
  0.034190911799669266,
  -0.008889598771929741,
  -0.015184102579951286,
  0.04043295606970787,
  0.023336229845881462,
  -0.03489064425230026,
  -0.06643003970384598,
  0.035701949149370193,
  -0.0011498082894831896,
  0.05021093040704727,
  -0.011792683973908424,
  -0.053202077746391296,
  -0.025190377607941628,
  0.007503844797611237,
  0.03051835112273693,
  -0.00914819072932005,
  0.011660887859761715,
  0.012171701528131962,
  -0.023025449365377426,
  -0.012333323247730732,
  0.010735200718045235,
  0.07340092957019806,
  0.026528436690568924,
  -0.001385643263347447,
  0.007562112994492054,
  0.008860249072313309,
  -0.015498951077461243,
  0.012778708711266518,
  -0.029818324372172356,
  -0.025776712223887444,
  -0.003967764787375927,
  0.017122220247983932,
  -0.00907632801681757,
  -0.005743894726037979,
  0.02184903994202614,
  -0.008249044418334961,
  -0.001933848368935287,
  -0.03736591339111328,
  -0.04073531925678253,
  -0.021730680018663406,
  -0.07168277353048325,
  -0.0035196910612285137,
  0.028455602005124092,
  0.09307888895273209,
  -0.017267003655433655,
  -0.007374013774096966,
  -0.013214118778705597,
  -0.0313817523419857,
  0.025131257250905037,
  0.028142130002379417,
  -0.042954474687576294,
  0.010132132098078728,
  -0.008132395334541798,
  0.014728215523064137,
  0.025727713480591774,
  -0.01480624545365572,
  0.04588693752884865,
  0.012832979671657085,
  -0.0242899339646101,
  -0.021654220297932625,
  -0.0068529569543898106,
  0.03369198739528656,
  -0.007154913153499365,
  0.01789599470794201,
  0.02173037827014923,
  0.015414530411362648,
  -0.0010901069035753608,
  0.003569556400179863,
  -0.04904744401574135,
  0.016463175415992737,
  0.05238386616110802,
  0.04787354916334152,
  0.0667957216501236,
  0.04824858158826828,
  -0.006840683985501528,
  -0.023541025817394257,
  -0.006166649982333183,
  0.003223256440833211,
  -0.0004873958241660148,
  0.014854362234473228,
  -0.017002681270241737,
  0.008932214230298996,
  0.0029611659701913595,
  0.05353693664073944,
  0.003310699947178364,
  -0.06303223222494125,
  -0.05366728827357292,
  0.02488076686859131,
  0.0025835572741925716,
  -0.03743703290820122,
  0.02704227715730667,
  0.0029050312004983425,
  0.03626405820250511,
  -0.014785852283239365,
  -0.010954446159303188,
  -0.0013932597357779741,
  -0.019728489220142365,
  -0.0645773634314537,
  0.0315156914293766,
  -0.021907620131969452,
  -0.018130408599972725,
  0.013027755543589592,
  0.010570216923952103,
  -0.04102811962366104,
  -0.008923671208322048,
  -0.04607748985290527,
  0.036997485905885696,
  -0.02529345266520977,
  -6.663036765530705e-05,
  -0.014270706102252007,
  -0.0019513661973178387,
  0.02505355142056942,
  0.007473039906471968,
  -0.00990776252001524,
  0.002414978574961424,
  0.010818934068083763,
  0.01269570179283619,
  0.02326151542365551,
  0.013856512494385242,
  0.04863080382347107,
  0.024696163833141327,
  0.008879209868609905,
  -0.010254736989736557,
  0.07532499730587006,
  -0.03843684867024422,
  0.03596336394548416,
  -0.03974447771906853,
  -0.02151939645409584,
  0.003212345764040947,
  0.05134975537657738,
  0.02436220459640026,
  0.012578028254210949,
  0.019553761929273605,
  -0.03138836473226547,
  0.010948797687888145,
  -0.012887280434370041,
  0.009617859497666359,
  -0.04994157329201698,
  -0.05435248091816902,
  -0.0026375914458185434,
  0.009803696535527706,
  -0.017931591719388962,
  -0.018437711521983147,
  -0.013689413666725159,
  0.008828200399875641,
  0.05951438844203949,
  0.02768986113369465,
  -0.03693012148141861,
  -0.025526076555252075,
  0.036120105534791946,
  0.0019267722964286804,
  0.0034629933070391417,
  0.057308297604322433,
  -0.02973843365907669,
  -0.010517957620322704,
  0.017965245991945267,
  0.0018528266809880733,
  -0.009983768686652184,
  0.0026153724174946547,
  -0.0194717925041914,
  0.0045905886217951775,
  -0.020431840792298317,
  -0.04693702608346939,
  0.004538367502391338,
  -0.01715516485273838,
  -0.0007850430556572974,
  0.059551920741796494,
  -0.015565833076834679,
  0.03916933760046959,
  -0.006176680326461792,
  -0.07168754190206528,
  -0.03394215926527977,
  0.029955286532640457,
  -0.016052694991230965,
  0.06514471024274826,
  -0.020342718809843063,
  0.005963851232081652,
  0.06160575896501541,
  0.013952026143670082,
  -0.00039278148324228823,
  -0.0555863231420517,
  -0.01490403525531292,
  -0.043648041784763336,
  0.023188071325421333,
  -0.024263979867100716,
  0.010190093889832497,
  0.03353926166892052,
  0.007251320406794548,
  0.029070662334561348,
  0.015153021551668644,
  0.04884384572505951,
  0.04072751849889755,
  0.0011896997457370162,
  -0.048628970980644226,
  -0.014490771107375622,
  0.008489029482007027,
  0.0557941198348999,
  0.000509344507008791,
  -0.010592961683869362,
  0.04884033277630806,
  -0.014760494232177734,
  0.025593943893909454,
  0.05691362917423248,
  0.0017825972754508257,
  0.007507532835006714,
  -0.007187387440353632,
  0.026658469811081886,
  -0.020989881828427315,
  -0.056604400277137756,
  0.026825545355677605,
  -0.018116187304258347,
  0.004919435363262892,
  0.007109267171472311,
  0.0377817377448082,
  -0.016768310219049454,
  -0.008997688069939613,
  -0.0016160702798515558,
  0.027586350217461586,
  -0.022530969232320786,
  0.0666131004691124,
  0.00011461430403869599,
  -0.002914070151746273,
  0.05519501492381096,
  -0.06125747039914131,
  -0.004600019194185734,
  -0.0035167131572961807,
  -0.04310125112533569,
  0.027354560792446136,
  0.033699702471494675,
  0.014527262188494205,
  0.06627913564443588,
  0.017030013725161552,
  -0.010905293747782707,
  -0.05825069546699524,
  -0.013201698660850525,
  -0.010609847493469715,
  -0.000317139842081815,
  0.02586211822926998,
  -0.03934463858604431,
  -0.06607115268707275,
  -0.010460448451340199,
  -0.007177136838436127,
  0.0035703496541827917,
  -0.018618427217006683,
  -0.010335954837501049,
  0.02458110824227333,
  -0.001987266121432185,
  0.007081917021423578,
  -0.008589102886617184,
  0.04393818601965904,
  -0.017132027074694633,
  -0.04253413900732994,
  -0.03357752040028572,
  0.021199902519583702,
  0.03080347366631031,
  -0.006986325141042471,
  0.003022329183295369,
  -0.005538551602512598,
  -0.003162938402965665,
  -0.005598988849669695,
  0.0331583134829998,
  -0.09025092422962189,
  -0.021931486204266548,
  -0.025228550657629967,
  0.027821483090519905,
  0.006839110050350428,
  0.014948957599699497,
  -0.023190954700112343,
  0.009309932589530945,
  0.0027424285653978586,
  0.05845421925187111,
  0.01776452176272869,
  0.024430906400084496,
  0.013486058451235294,
  -0.030898837372660637,
  0.020287739112973213,
  -0.0271840188652277,
  -0.0030336540658026934,
  0.005470328498631716,
  0.02592606656253338,
  0.009793250821530819,
  -0.008254367858171463,
  0.0312933586537838,
  0.028031906113028526,
  -0.014450871385633945,
  -0.031470149755477905,
  0.022435370832681656,
  0.015047313645482063,
  -0.03661869466304779,
  0.0016309680650010705,
  -0.03570610657334328,
  -0.03942239284515381,
  0.003305708058178425,
  -0.007497744169086218,
  0.01591939851641655,
  0.01054426096379757,
  0.01357598602771759,
  0.015601521357893944,
  -0.06723722070455551,
  -0.022267471998929977,
  0.07978124916553497,
  0.013147109188139439,
  -0.05661478266119957,
  -0.020082704722881317,
  0.04065003991127014,
  -0.03506260737776756,
  0.0032142740674316883,
  0.0019770697690546513,
  0.006398479919880629,
  -0.02092811092734337,
  0.03429560735821724,
  -0.04216792806982994,
  0.016815394163131714,
  -0.0064493329264223576,
  0.06143942475318909,
  -0.052420806139707565,
  0.020863303914666176,
  0.002833550563082099,
  -0.011781311593949795,
  -0.003468501614406705,
  0.015928462147712708,
  -0.006948333233594894,
  0.012804679572582245,
  0.02548093907535076,
  -0.009576802141964436,
  -0.04295119270682335,
  -0.052511051297187805,
  0.04017763212323189,
  0.04261887073516846,
  -0.027366019785404205,
  0.05216768756508827,
  0.03947214037179947,
  0.00915187131613493,
  0.012693521566689014,
  0.04038163274526596,
  -0.02224673144519329,
  -0.022070663049817085,
  -0.033541735261678696
]